3 100
7
100 30
200 1 5 5 5 5 0 2
200 3 5 17 5 5 0 2
300 1 3 0 -1
200 2 5 11 5 5 0 2
300 1 3 0 14
300 1 3 1 2 16
12
100 30
200 21 5 5 5 5 0 2
200 22 5 11 5 5 2 0
200 23 11 5 5 5 2 4
200 24 11 11 5 5 4 2
300 21 24 0 26
300 21 24 1 22 40
300 21 24 1 23 40
300 21 24 2 22 23 54
300 24 21 0 26
300 22 23 0 14
300 23 22 0 14
11
100 30
200 31 4 4 4 6 0 3
200 33 11 11 5 4 2 0
300 31 33 0 -1
200 32 4 11 6 4 3 3
300 31 32 0 14
300 31 33 0 31
300 31 33 1 32 33
300 33 31 0 23
300 33 31 1 32 49
300 32 33 0 19
